f1 score  = 0.5714285714285715
precision = 0.5
recall    = 0.6666666666666666
